*********************************13参数转换结果，单位mm*************************************

必要观测t				7
总 观 测n				33
多余观测r				26

单位权中误差				3.95598

****************转换参数*****************
旋转矩阵：
1.00382228839957		0.000930690247174175		-0.000492473069773893		
0.00497844303486263		-0.000441256566360013		1.00470203353002		
0.00324299951111766		0.991146030558747		-0.00221496546550016		

尺度因子：
0.993904609306958

平移矩阵
108525.459447
96612.2033692238
101221.058502459

						****************公共点残差*******************
1				-4.45944699994288				-1.20336922383285				0.941497540712589
2				6.83268364553805				-4.90231586061418				-1.66574454317742
3				-1.36192408042552				3.33516008949664				11.4547672928456
4				-1.9613915780501				5.14526060655771				-3.99493732684641
5				-0.83243174807285				-3.82523518105154				-4.7624167570757
6				0.33013465955446				-0.383759470278164				1.34442130941898
7				0.946196199001861				0.324154950882075				-1.57590958366927
8				5.5047492589365				6.24689740102622				-4.86231220312766
9				2.02173089086136				-1.102459746573				-8.25847697813879
10				1.85424648471235				-2.49716998824442				1.33567046363896
11				-8.87454673204047				-1.1371636033				10.04344078539

						****************非公共点残差*******************
1				-9.71198032442771				-8.69568789251207				12.1502788518847
2				-8.09591878496576				-10.9877734713518				8.2299479587964
3				-23.2515463223972				1.47382729491801				25.9459705417539
4				-22.4461540483753				-8.28869675498572				31.0664823777624
5				-21.0456215459853				-14.4785962379246				14.6167777580849
6				-45.3009299100813				-1.40635751764057				39.1379141803482

