*********************************4参数转换结果*************************************

必要观测t				4
总 观 测n				8
多余观测r				4

单位权中误差				0.00627046

****************转换参数*****************
DX				3.6828e+06
DY				3.63909e+07
DZ				-0.00827381
DK				-3.34023e-05

**************************非公共点残差*************************
0				-0.00215839				0.0071425
1				-0.000859761				-0.0106225
2				0.0069036				0.00792415
3				-0.00388545				-0.00444417
4				-0.0532734				-0.0058286
5				-0.098581				0.0354418
6				-0.143961				0.126346
7				-0.040947				0.11457

********** 115165.237, 118165,826, 0.000 转换结果 ***********
3796987.96785453	36510046.4407226